### [22,27,16,2,18,6] -> Insertion Sort 

## Sıralama 

1.  [22,27,16,2,18,6]
2.  [2,27,16,22,18,6]
3.  [2,6,16,22,18,27]  
4.  [2,6,16,22,18,27]  
5.  [2,6,16,18,22,27]  
6.  [2,6,16,18,22,27]  

## Big-O
   
O(n^2)

## Time Complexity

Average Case : 16,18 Worst Case : 27  Best Case : 2

## [7,3,5,8,2,9,4,15,6] -> Insertion Sort 

sort 1. [7,3,5,8,2,9,4,15,6]
sort 2. [2,3,5,8,7,9,4,15,6]
sort 3. [2,3,4,8,7,9,5,15,6]
sort 4. [2,3,4,5,7,9,8,15,6]
sort 5. [2,3,4,5,6,9,8,15,7]
sort 6. [2,3,4,5,6,7,8,15,9]
sort 7. [2,3,4,5,6,7,8,9,15]
